A: 
1804289383.000000 846930886.000000 1681692777.000000 1714636915.000000 1957747793.000000 424238335.000000 719885386.000000 1649760492.000000 
149798315.000000 1968349252.680343 989946490.211666 42448467.480101 250237130.592911 1389047253.186012 1851992593.385128 612273078.424340 
1365180540.000000 899569610.219675 -1420753672.300418 -13290687.165163 -1560649347.603737 -434214923.066789 -1096377344.134411 198877801.541655 
1131176229.000000 1122404850.035756 -759325123.224313 822473160.981225 72429618.973351 -69076612.668687 813158465.010662 483872989.785380 
336465782.000000 703084967.526782 -388485141.975515 -97610410.863441 2126041224.641376 3961688.847964 702039961.891775 1278674996.041635 
137806862.000000 -21687176.231490 865370921.495013 -3089729.609953 -585376492.266138 1803677266.504786 1431455565.565949 2183096494.740979 
1315634022.000000 18166307.734401 133756413.187746 -126006961.798923 -505709688.756715 1716337139.689330 -1087623873.592517 -1232506138.406939 
596516649.000000 909637349.141356 11731375.264699 763886865.004615 -59682334.052316 381021182.290255 -95940396.824802 374814759.399565 

 L: 
1.000000 0.000000 0.000000 0.000000 0.000000 0.000000 0.000000 0.000000 
0.330610 1.000000 0.000000 0.000000 0.000000 0.000000 0.000000 0.000000 
0.756631 0.457017 1.000000 0.000000 0.000000 0.000000 0.000000 0.000000 
0.626937 0.570226 0.273436 1.000000 0.000000 0.000000 0.000000 0.000000 
0.186481 0.357195 0.534452 -0.153205 1.000000 0.000000 0.000000 0.000000 
0.076377 -0.011018 -0.609093 -0.003757 -0.237864 1.000000 0.000000 0.000000 
0.729170 0.009229 -0.094145 -0.118679 -0.275336 0.211247 1.000000 0.000000 
0.083023 0.462132 -0.008257 0.928768 -0.028072 0.951577 0.088211 1.000000 

 U: 
1804289383.000000 846930886.000000 1681692777.000000 1714636915.000000 1957747793.000000 424238335.000000 719885386.000000 1649760492.000000 
0.000000 1968349252.680343 989946490.211666 42448467.480101 250237130.592911 1389047253.186012 1851992593.385128 612273078.424340 
0.000000 0.000000 -1420753672.300418 -13290687.165163 -1560649347.603737 -434214923.066789 -1096377344.134411 198877801.541655 
0.000000 0.000000 0.000000 822473160.981225 72429618.973351 -69076612.668687 813158465.010662 483872989.785380 
0.000000 0.000000 0.000000 0.000000 2126041224.641376 3961688.847964 702039961.891775 1278674996.041635 
0.000000 0.000000 0.000000 0.000000 0.000000 1803677266.504786 1431455565.565949 2183096494.740979 
0.000000 0.000000 0.000000 0.000000 0.000000 0.000000 -1087623873.592517 -1232506138.406939 
0.000000 0.000000 0.000000 0.000000 0.000000 0.000000 0.000000 374814759.399565 

 Pi: 
0 6 2 5 5 7 7 7 

 P*A: 
1804289383.000000 846930886.000000 1681692777.000000 1714636915.000000 1957747793.000000 424238335.000000 719885386.000000 1649760492.000000 
149798315.000000 2038664370.000000 1129566413.000000 184803526.000000 412776091.000000 1424268980.000000 1911759956.000000 749241873.000000 
1365180540.000000 1540383426.000000 304089172.000000 1303455736.000000 35005211.000000 521595368.000000 294702567.000000 1726956429.000000 
1131176229.000000 1653377373.000000 859484421.000000 1914544919.000000 608413784.000000 756898537.000000 1734575198.000000 1973594324.000000 
1131176229.000000 1653377373.000000 859484421.000000 1914544919.000000 608413784.000000 756898537.000000 1734575198.000000 1973594324.000000 
137806862.000000 42999170.000000 982906996.000000 135497281.000000 511702305.000000 2084420925.000000 1937477084.000000 1827336327.000000 
137806862.000000 42999170.000000 982906996.000000 135497281.000000 511702305.000000 2084420925.000000 1937477084.000000 1827336327.000000 
137806862.000000 42999170.000000 982906996.000000 135497281.000000 511702305.000000 2084420925.000000 1937477084.000000 1827336327.000000 

 L*U: 
1804289383.000000 846930886.000000 1681692777.000000 1714636915.000000 1957747793.000000 424238335.000000 719885386.000000 1649760492.000000 
596516649.000000 2248353324.538987 1545931438.876380 609325087.397283 897488710.118225 1529304815.169094 2089994114.741302 1157700884.857557 
1365180540.000000 1540383426.000000 304089172.000000 1303455736.000000 35005211.000000 521595368.000000 294702567.000000 1726956429.000000 
1131176229.000000 1653377373.000000 1230324402.248798 1918014006.059358 1015768828.076171 870235744.615528 2020747644.122976 1921683960.062602 
336465782.000000 861021530.000000 -92117119.248798 201799485.005160 1735318331.762113 357750853.292275 787266529.351798 1837184059.704884 
137806862.000000 42999170.000000 982906996.000000 135497281.000000 591369108.509422 2084569377.007119 1963783855.031323 1875250708.189501 
1315634022.000000 635723058.000000 1369133069.000000 1154294717.935482 982795280.652294 751169120.686002 -429805961.471043 9058463.554880 
149798315.000000 979952466.461013 608837336.123620 925968465.602717 298656070.881775 2332800181.229981 2926412759.223644 3175266217.630577 
